snapshot_time:         1497642423.900454 (secs.usecs)
read RPCs in flight:  0
write RPCs in flight: 8
pending write pages:  1024
pending read pages:   0

			read			write
pages per rpc         rpcs   % cum % |       rpcs   % cum %
1:		         0   0   0   |       5298   0   0
2:		         0   0   0   |        931   0   0
4:		         0   0   0   |       1667   0   0
8:		         0   0   0   |       2993   0   0
16:		         0   0   0   |       5897   0   0
32:		         0   0   0   |      11296   0   0
64:		         0   0   0   |      23471   0   0
128:		         0   0   0   |      47202   0   0
256:		         1 100 100   |   50340888  99 100

			read			write
rpcs in flight        rpcs   % cum % |       rpcs   % cum %
0:		         0   0   0   |          0   0   0
1:		         1 100 100   |    1272532   2   2
2:		         0   0 100   |   13096231  25  28
3:		         0   0 100   |    8701266  17  45
4:		         0   0 100   |    6353650  12  58
5:		         0   0 100   |    3202186   6  64
6:		         0   0 100   |    1694121   3  68
7:		         0   0 100   |    1013376   2  70
8:		         0   0 100   |    2447018   4  74
9:		         0   0 100   |    7139528  14  89
10:		         0   0 100   |    4475746   8  97
11:		         0   0 100   |     938831   1  99
12:		         0   0 100   |      92950   0  99
13:		         0   0 100   |      10449   0  99
14:		         0   0 100   |       1560   0  99
15:		         0   0 100   |        185   0  99
16:		         0   0 100   |         13   0  99
17:		         0   0 100   |          1   0 100

			read			write
offset                rpcs   % cum % |       rpcs   % cum %
0:		         1 100 100   |       5021   0   0
1:		         0   0 100   |          0   0   0
2:		         0   0 100   |          0   0   0
4:		         0   0 100   |          0   0   0
8:		         0   0 100   |          0   0   0
16:		         0   0 100   |          2   0   0
32:		         0   0 100   |          0   0   0
64:		         0   0 100   |          7   0   0
128:		         0   0 100   |          7   0   0
256:		         0   0 100   |       5042   0   0
512:		         0   0 100   |      10092   0   0
1024:		         0   0 100   |      20175   0   0
2048:		         0   0 100   |      40335   0   0
4096:		         0   0 100   |      80718   0   0
8192:		         0   0 100   |     161423   0   0
16384:		         0   0 100   |     322949   0   1
32768:		         0   0 100   |     645946   1   2
65536:		         0   0 100   |    1292621   2   5
131072:		         0   0 100   |    2585278   5  10
262144:		         0   0 100   |    5165585  10  20
524288:		         0   0 100   |   10331924  20  40
1048576:		         0   0 100   |   20656694  40  81
2097152:		         0   0 100   |    9115824  18 100
