snapshot_time:         1510782606.797216394 (secs.nsecs)

                           read      |     write
pages per bulk r/w     rpcs  % cum % |  rpcs        % cum %
1:		        13  56  56   |  153   0   0
2:		        10  43 100   |  157   0   0
4:		         0   0 100   |  358   0   0
8:		         0   0 100   |  679   0   0
16:		         0   0 100   | 1367   0   0
32:		         0   0 100   | 2911   0   0
64:		         0   0 100   | 6161   0   0
128:		         0   0 100   | 13817   0   0
256:		         0   0 100   | 58945   1   1
512:		         0   0 100   | 154861   3   5
1K:		         0   0 100   | 4059303  94 100

                           read      |     write
discontiguous pages    rpcs  % cum % |  rpcs        % cum %
0:		        23 100 100   |  153   0   0
1:		         0   0 100   |  157   0   0
2:		         0   0 100   |  158   0   0
3:		         0   0 100   |  200   0   0
4:		         0   0 100   |  156   0   0
5:		         0   0 100   |  175   0   0
6:		         0   0 100   |  163   0   0
7:		         0   0 100   |  185   0   0
8:		         0   0 100   |  159   0   0
9:		         0   0 100   |  160   0   0
10:		         0   0 100   |  176   0   0
11:		         0   0 100   |  164   0   0
12:		         0   0 100   |  187   0   0
13:		         0   0 100   |  185   0   0
14:		         0   0 100   |  168   0   0
15:		         0   0 100   |  168   0   0
16:		         0   0 100   |  186   0   0
17:		         0   0 100   |  181   0   0
18:		         0   0 100   |  170   0   0
19:		         0   0 100   |  164   0   0
20:		         0   0 100   |  187   0   0
21:		         0   0 100   |  174   0   0
22:		         0   0 100   |  168   0   0
23:		         0   0 100   |  178   0   0
24:		         0   0 100   |  179   0   0
25:		         0   0 100   |  205   0   0
26:		         0   0 100   |  192   0   0
27:		         0   0 100   |  160   0   0
28:		         0   0 100   |  192   0   0
29:		         0   0 100   |  192   0   0
30:		         0   0 100   |  195   0   0
31:		         0   0 100   | 4293275  99 100

                           read      |     write
disk I/Os in flight    ios   % cum % |  ios         % cum %
1:		        23 100 100   | 4096740  95  95
2:		         0   0 100   | 174382   4  99
3:		         0   0 100   | 20244   0  99
4:		         0   0 100   | 4037   0  99
5:		         0   0 100   | 1577   0  99
6:		         0   0 100   |  925   0  99
7:		         0   0 100   |  579   0  99
8:		         0   0 100   |  190   0  99
9:		         0   0 100   |   35   0  99
10:		         0   0 100   |    3   0 100

                           read      |     write
I/O time (1/1000s)     ios   % cum % |  ios         % cum %
1:		         1 100 100   |    0   0   0

                           read      |     write
disk I/O size          ios   % cum % |  ios         % cum %
8:		         4  17  17   |    0   0   0
16:		         0   0  17   |    0   0   0
32:		         1   4  21   |    0   0   0
64:		         1   4  26   |    0   0   0
128:		         1   4  30   |    0   0   0
256:		         1   4  34   |    0   0   0
512:		         1   4  39   |    0   0   0
1K:		         2   8  47   |    0   0   0
2K:		         0   0  47   |    0   0   0
4K:		         0   0  47   |  153   0   0
8K:		        12  52 100   |  157   0   0
16K:		         0   0 100   |  358   0   0
32K:		         0   0 100   |  679   0   0
64K:		         0   0 100   | 1367   0   0
128K:		         0   0 100   | 2911   0   0
256K:		         0   0 100   | 6161   0   0
512K:		         0   0 100   | 13817   0   0
1M:		         0   0 100   | 58945   1   1
2M:		         0   0 100   | 154861   3   5
4M:		         0   0 100   | 4059303  94 100
