snapshot_time:         1510950459.787901292 (secs.nsecs)
read RPCs in flight:  0
write RPCs in flight: 6
pending write pages:  1244
pending read pages:   0

			read			write
pages per rpc         rpcs   % cum % |       rpcs   % cum %
1:		         0   0   0   |       1537   0   0
2:		         0   0   0   |       1489   0   0
4:		         0   0   0   |       2876   0   0
8:		         0   0   0   |       5860   0   0
16:		         0   0   0   |      11916   0   0
32:		         0   0   0   |      24502   0   0
64:		         0   0   0   |      51901   0   0
128:		         0   0   0   |     117183   0   1
256:		         0   0   0   |     458648   2   3
512:		         0   0   0   |    1145365   6  10
1024:		         0   0   0   |   16389010  89 100

			read			write
rpcs in flight        rpcs   % cum % |       rpcs   % cum %
0:		         0   0   0   |          0   0   0
1:		         0   0   0   |    1053804   5   5
2:		         0   0   0   |    3518152  19  25
3:		         0   0   0   |    4520192  24  49
4:		         0   0   0   |    3656921  20  70
5:		         0   0   0   |    2350050  12  82
6:		         0   0   0   |    1396192   7  90
7:		         0   0   0   |     832325   4  95
8:		         0   0   0   |     497409   2  97
9:		         0   0   0   |     272560   1  99
10:		         0   0   0   |      91419   0  99
11:		         0   0   0   |      18683   0  99
12:		         0   0   0   |       2399   0  99
13:		         0   0   0   |        174   0  99
14:		         0   0   0   |          5   0  99
15:		         0   0   0   |          2   0 100

			read			write
offset                rpcs   % cum % |       rpcs   % cum %
0:		         0   0   0   |         64   0   0
1:		         0   0   0   |          0   0   0
2:		         0   0   0   |          0   0   0
4:		         0   0   0   |          0   0   0
8:		         0   0   0   |          0   0   0
16:		         0   0   0   |          2   0   0
32:		         0   0   0   |          5   0   0
64:		         0   0   0   |          8   0   0
128:		         0   0   0   |          8   0   0
256:		         0   0   0   |         35   0   0
512:		         0   0   0   |         49   0   0
1024:		         0   0   0   |        173   0   0
2048:		         0   0   0   |        336   0   0
4096:		         0   0   0   |        669   0   0
8192:		         0   0   0   |       1319   0   0
16384:		         0   0   0   |       2566   0   0
32768:		         0   0   0   |       5268   0   0
65536:		         0   0   0   |      10796   0   0
131072:		         0   0   0   |      22293   0   0
262144:		         0   0   0   |      45678   0   0
524288:		         0   0   0   |      64199   0   0
1048576:		         0   0   0   |     125471   0   1
2097152:		         0   0   0   |     241574   1   2
4194304:		         0   0   0   |     476715   2   5
8388608:		         0   0   0   |     942102   5  10
16777216:		         0   0   0   |    1598283   8  19
33554432:		         0   0   0   |    2274739  12  31
67108864:		         0   0   0   |    4270417  23  55
134217728:		         0   0   0   |    8127518  44 100
