snapshot_time:         1497642423.894686 (secs.usecs)
read RPCs in flight:  0
write RPCs in flight: 5
pending write pages:  0
pending read pages:   0

			read			write
pages per rpc         rpcs   % cum % |       rpcs   % cum %
1:		         0   0   0   |       6156   0   0
2:		         0   0   0   |       1032   0   0
4:		         0   0   0   |       1798   0   0
8:		         0   0   0   |       3492   0   0
16:		         0   0   0   |       6526   0   0
32:		         0   0   0   |      12622   0   0
64:		         0   0   0   |      25744   0   0
128:		         0   0   0   |      50882   0   0
256:		         1 100 100   |   52702310  99 100

			read			write
rpcs in flight        rpcs   % cum % |       rpcs   % cum %
0:		         0   0   0   |          0   0   0
1:		         1 100 100   |     797536   1   1
2:		         0   0 100   |   11977376  22  24
3:		         0   0 100   |    8395435  15  40
4:		         0   0 100   |    6551231  12  52
5:		         0   0 100   |    3483172   6  59
6:		         0   0 100   |    1971052   3  62
7:		         0   0 100   |    1245475   2  65
8:		         0   0 100   |    2919367   5  70
9:		         0   0 100   |    8773623  16  87
10:		         0   0 100   |    5433140  10  97
11:		         0   0 100   |    1130772   2  99
12:		         0   0 100   |     116573   0  99
13:		         0   0 100   |      13419   0  99
14:		         0   0 100   |       2122   0  99
15:		         0   0 100   |        253   0  99
16:		         0   0 100   |         16   0 100

			read			write
offset                rpcs   % cum % |       rpcs   % cum %
0:		         1 100 100   |       5261   0   0
1:		         0   0 100   |          0   0   0
2:		         0   0 100   |          0   0   0
4:		         0   0 100   |          0   0   0
8:		         0   0 100   |          0   0   0
16:		         0   0 100   |          1   0   0
32:		         0   0 100   |          0   0   0
64:		         0   0 100   |          6   0   0
128:		         0   0 100   |         13   0   0
256:		         0   0 100   |       5278   0   0
512:		         0   0 100   |      10562   0   0
1024:		         0   0 100   |      21122   0   0
2048:		         0   0 100   |      42248   0   0
4096:		         0   0 100   |      84502   0   0
8192:		         0   0 100   |     169006   0   0
16384:		         0   0 100   |     338082   0   1
32768:		         0   0 100   |     676679   1   2
65536:		         0   0 100   |    1353553   2   5
131072:		         0   0 100   |    2707283   5  10
262144:		         0   0 100   |    5408781  10  20
524288:		         0   0 100   |   10815360  20  40
1048576:		         0   0 100   |   21628820  40  81
2097152:		         0   0 100   |    9544005  18 100
